12
4 0.0 0.0 2.5 0.0 0.0 11.5 19.75 0.0 11.5 19.75 0.0 2.5 0.0
5 15.978 10.8 2.5 15.978 10.8 14.0 15.978 19.835 16.5 15.978 23.5 14.71 15.978 23.5 2.5 0.0
4 10.0 16.17 2.5 10.0 16.17 14.71 0.0 16.17 14.71 0.0 16.17 2.5 0.0
4 30.0 10.8 2.5 30.0 10.8 16.5 15.978 10.8 16.5 15.978 10.8 2.5 0.0
5 10.0 23.5 2.5 10.0 23.5 14.71 10.0 19.835 16.5 10.0 16.17 14.71 10.0 16.17 2.5 0.0
4 19.75 0.0 2.5 19.75 0.0 11.83 19.75 -11.17 11.5 19.75 -11.17 2.5 0.0
4 -11.17 -11.17 9.28 0.0 0.0 11.5 19.75 0.0 11.5 19.75 -11.17 9.28 0.0
4 -11.17 -11.17 9.28 0.0 0.0 11.5 0.0 40.378 11.5 -11.17 40.378 9.28 0.0
4 35.0 6.7 0.0 35.0 6.7 11.5 35.0 27.6 11.5 35.0 27.6 0.0 0.0
4 -11.17 -11.17 2.5 -11.17 -11.17 9.28 19.75 -11.17 9.28 19.75 -11.17 2.5 0.5
4 -11.17 -11.17 2.5 -11.17 -11.17 9.28 -11.17 16.17 9.28 -11.17 16.17 2.5 0.5
4 -11.17 23.5 2.5 -11.17 23.5 9.28 -11.17 40.378 9.28 -11.17 40.378 2.5 0.5
